# Node Coordinates (node_id x y)
0 1150.0000 1760.0000
1 630.0000 1660.0000
2 40.0000 2090.0000
3 750.0000 1100.0000
4 750.0000 2030.0000
5 1030.0000 2070.0000
6 1650.0000 650.0000
7 1490.0000 1630.0000
8 790.0000 2260.0000
9 710.0000 1310.0000
10 840.0000 550.0000
11 1170.0000 2300.0000
12 970.0000 1340.0000
13 510.0000 700.0000
14 750.0000 900.0000
15 1280.0000 1200.0000
16 230.0000 590.0000
17 460.0000 860.0000
18 1040.0000 950.0000
19 590.0000 1390.0000
20 830.0000 1770.0000
21 490.0000 500.0000
22 1840.0000 1240.0000
23 1260.0000 1500.0000
24 1280.0000 790.0000
25 490.0000 2130.0000
26 1460.0000 1420.0000
27 1260.0000 1910.0000
28 360.0000 1980.0000
