# Node Coordinates (node_id x y)
0 0.0000 20.0000
1 0.0000 39.0000
2 0.0000 45.0000
3 0.0000 58.0000
4 0.0000 64.0000
5 0.0000 77.0000
6 2.0000 11.0000
7 2.0000 16.0000
8 2.0000 25.0000
9 2.0000 31.0000
10 2.0000 32.0000
11 2.0000 33.0000
12 2.0000 35.0000
13 2.0000 38.0000
14 2.0000 39.0000
15 2.0000 43.0000
16 2.0000 44.0000
17 2.0000 47.0000
18 2.0000 48.0000
19 2.0000 49.0000
20 2.0000 54.0000
21 2.0000 56.0000
22 2.0000 59.0000
23 2.0000 60.0000
24 2.0000 64.0000
25 2.0000 65.0000
26 2.0000 68.0000
27 2.0000 69.0000
28 2.0000 70.0000
29 2.0000 75.0000
30 2.0000 77.0000
31 2.0000 82.0000
32 2.0000 9.0000
33 3.0000 41.0000
34 3.0000 62.0000
35 5.0000 101.0000
36 5.0000 36.0000
37 5.0000 97.0000
38 9.0000 101.0000
39 9.0000 94.0000
40 9.0000 97.0000
41 10.0000 15.0000
42 10.0000 24.0000
43 10.0000 35.0000
44 10.0000 79.0000
45 10.0000 95.0000
46 10.0000 99.0000
47 11.0000 15.0000
48 11.0000 24.0000
49 11.0000 35.0000
50 11.0000 5.0000
51 11.0000 79.0000
52 15.0000 100.0000
53 15.0000 36.0000
54 15.0000 96.0000
55 16.0000 25.0000
56 17.0000 32.0000
57 17.0000 33.0000
58 17.0000 38.0000
59 17.0000 44.0000
60 17.0000 47.0000
61 17.0000 54.0000
62 17.0000 56.0000
63 17.0000 59.0000
64 17.0000 65.0000
65 17.0000 68.0000
66 17.0000 75.0000
67 17.0000 77.0000
68 18.0000 42.0000
69 18.0000 48.0000
70 18.0000 63.0000
71 18.0000 69.0000
72 25.0000 48.0000
73 25.0000 49.0000
74 25.0000 59.0000
75 25.0000 60.0000
76 25.0000 62.0000
77 25.0000 74.0000
78 25.0000 75.0000
79 25.0000 76.0000
80 25.0000 77.0000
81 26.0000 63.0000
82 28.0000 103.0000
83 28.0000 14.0000
84 28.0000 18.0000
85 28.0000 23.0000
86 28.0000 8.0000
87 31.0000 15.0000
88 32.0000 93.0000
89 34.0000 27.0000
90 34.0000 93.0000
91 35.0000 100.0000
92 35.0000 5.0000
93 38.0000 103.0000
94 38.0000 14.0000
95 38.0000 18.0000
96 38.0000 23.0000
97 38.0000 8.0000
98 40.0000 48.0000
99 40.0000 74.0000
100 40.0000 76.0000
101 41.0000 47.0000
102 41.0000 58.0000
103 41.0000 64.0000
104 41.0000 77.0000
105 48.0000 103.0000
106 48.0000 19.0000
107 48.0000 35.0000
108 48.0000 36.0000
109 48.0000 39.0000
110 48.0000 40.0000
111 48.0000 42.0000
112 48.0000 46.0000
113 48.0000 48.0000
114 48.0000 50.0000
115 48.0000 51.0000
116 48.0000 54.0000
117 48.0000 55.0000
118 48.0000 59.0000
119 48.0000 60.0000
120 48.0000 63.0000
121 48.0000 64.0000
122 48.0000 65.0000
123 48.0000 70.0000
124 48.0000 72.0000
125 48.0000 75.0000
126 48.0000 77.0000
127 48.0000 90.0000
128 48.0000 92.0000
129 49.0000 57.0000
130 51.0000 100.0000
131 51.0000 24.0000
132 51.0000 27.0000
133 51.0000 31.0000
134 51.0000 45.0000
135 51.0000 47.0000
136 51.0000 49.0000
137 51.0000 81.0000
138 51.0000 85.0000
139 51.0000 95.0000
140 51.0000 98.0000
141 55.0000 42.0000
142 56.0000 42.0000
143 56.0000 46.0000
144 56.0000 48.0000
145 57.0000 22.0000
146 57.0000 25.0000
147 57.0000 42.0000
148 57.0000 46.0000
149 57.0000 48.0000
150 57.0000 79.0000
151 57.0000 86.0000
152 57.0000 9.0000
153 57.0000 94.0000
154 57.0000 97.0000
155 58.0000 42.0000
156 58.0000 82.0000
157 61.0000 0.0000
158 61.0000 100.0000
159 61.0000 109.0000
160 61.0000 45.0000
161 61.0000 47.0000
162 61.0000 49.0000
163 61.0000 85.0000
164 61.0000 95.0000
165 61.0000 98.0000
166 63.0000 103.0000
167 63.0000 35.0000
168 63.0000 39.0000
169 63.0000 51.0000
170 63.0000 54.0000
171 63.0000 60.0000
172 63.0000 63.0000
173 63.0000 70.0000
174 63.0000 72.0000
175 63.0000 75.0000
176 63.0000 77.0000
177 64.0000 19.0000
178 64.0000 43.0000
179 64.0000 44.0000
180 64.0000 58.0000
181 64.0000 64.0000
182 71.0000 100.0000
183 71.0000 102.0000
184 71.0000 14.0000
185 71.0000 30.0000
186 71.0000 34.0000
187 71.0000 36.0000
188 71.0000 38.0000
189 71.0000 42.0000
190 71.0000 44.0000
191 71.0000 45.0000
192 71.0000 53.0000
193 71.0000 55.0000
194 71.0000 59.0000
195 71.0000 60.0000
196 71.0000 63.0000
197 71.0000 64.0000
198 71.0000 68.0000
199 71.0000 69.0000
200 71.0000 70.0000
201 71.0000 73.0000
202 72.0000 0.0000
203 74.0000 11.0000
204 74.0000 36.0000
205 74.0000 41.0000
206 74.0000 44.0000
207 74.0000 48.0000
208 74.0000 6.0000
209 74.0000 73.0000
210 74.0000 75.0000
211 74.0000 79.0000
212 74.0000 84.0000
213 74.0000 9.0000
214 74.0000 90.0000
215 74.0000 94.0000
216 77.0000 37.0000
217 77.0000 76.0000
218 78.0000 34.0000
219 78.0000 37.0000
220 78.0000 42.0000
221 78.0000 45.0000
222 78.0000 87.0000
223 78.0000 90.0000
224 78.0000 94.0000
225 79.0000 34.0000
226 79.0000 37.0000
227 79.0000 42.0000
228 79.0000 45.0000
229 79.0000 72.0000
230 79.0000 88.0000
231 79.0000 92.0000
232 80.0000 20.0000
233 80.0000 34.0000
234 80.0000 37.0000
235 80.0000 42.0000
236 80.0000 45.0000
237 80.0000 49.0000
238 80.0000 5.0000
239 80.0000 72.0000
240 80.0000 8.0000
241 80.0000 96.0000
242 81.0000 37.0000
243 81.0000 45.0000
244 84.0000 11.0000
245 84.0000 48.0000
246 84.0000 6.0000
247 84.0000 73.0000
248 84.0000 75.0000
249 84.0000 79.0000
250 84.0000 84.0000
251 84.0000 89.0000
252 84.0000 9.0000
253 84.0000 93.0000
254 86.0000 14.0000
255 86.0000 59.0000
256 86.0000 63.0000
257 86.0000 69.0000
258 87.0000 30.0000
259 87.0000 39.0000
260 87.0000 40.0000
261 87.0000 46.0000
262 87.0000 47.0000
263 87.0000 70.0000
264 90.0000 0.0000
265 94.0000 101.0000
266 94.0000 13.0000
267 94.0000 16.0000
268 94.0000 18.0000
269 94.0000 24.0000
270 94.0000 31.0000
271 94.0000 34.0000
272 94.0000 36.0000
273 94.0000 38.0000
274 94.0000 39.0000
275 94.0000 41.0000
276 94.0000 43.0000
277 94.0000 45.0000
278 94.0000 46.0000
279 94.0000 47.0000
280 94.0000 49.0000
281 94.0000 50.0000
282 94.0000 53.0000
283 94.0000 54.0000
284 94.0000 58.0000
285 94.0000 59.0000
286 94.0000 62.0000
287 94.0000 63.0000
288 94.0000 64.0000
289 94.0000 69.0000
290 94.0000 99.0000
291 95.0000 56.0000
292 97.0000 11.0000
293 97.0000 14.0000
294 97.0000 17.0000
295 97.0000 21.0000
296 97.0000 35.0000
297 97.0000 38.0000
298 97.0000 40.0000
299 97.0000 42.0000
300 97.0000 45.0000
301 97.0000 7.0000
302 97.0000 78.0000
303 97.0000 83.0000
304 97.0000 89.0000
305 97.0000 93.0000
306 100.0000 75.0000
307 101.0000 15.0000
308 101.0000 36.0000
309 101.0000 43.0000
310 101.0000 86.0000
311 101.0000 89.0000
312 101.0000 93.0000
313 102.0000 13.0000
314 102.0000 15.0000
315 102.0000 34.0000
316 102.0000 36.0000
317 102.0000 39.0000
318 102.0000 41.0000
319 102.0000 43.0000
320 102.0000 87.0000
321 102.0000 91.0000
322 103.0000 13.0000
323 103.0000 15.0000
324 103.0000 20.0000
325 103.0000 34.0000
326 103.0000 36.0000
327 103.0000 39.0000
328 103.0000 41.0000
329 103.0000 43.0000
330 103.0000 5.0000
331 103.0000 71.0000
332 103.0000 95.0000
333 104.0000 8.0000
334 107.0000 0.0000
335 107.0000 11.0000
336 107.0000 14.0000
337 107.0000 21.0000
338 107.0000 35.0000
339 107.0000 40.0000
340 107.0000 42.0000
341 107.0000 78.0000
342 107.0000 83.0000
343 107.0000 88.0000
344 107.0000 92.0000
345 108.0000 0.0000
346 109.0000 24.0000
347 109.0000 47.0000
348 109.0000 50.0000
349 109.0000 53.0000
350 109.0000 59.0000
351 109.0000 62.0000
352 109.0000 69.0000
353 110.0000 31.0000
354 110.0000 57.0000
355 110.0000 63.0000
356 117.0000 101.0000
357 117.0000 11.0000
358 117.0000 13.0000
359 117.0000 28.0000
360 117.0000 29.0000
361 117.0000 31.0000
362 117.0000 33.0000
363 117.0000 35.0000
364 117.0000 36.0000
365 117.0000 38.0000
366 117.0000 44.0000
367 117.0000 51.0000
368 117.0000 55.0000
369 117.0000 57.0000
370 117.0000 58.0000
371 117.0000 59.0000
372 117.0000 62.0000
373 117.0000 63.0000
374 117.0000 99.0000
375 120.0000 17.0000
376 120.0000 20.0000
377 120.0000 24.0000
378 120.0000 32.0000
379 120.0000 35.0000
380 120.0000 37.0000
381 120.0000 39.0000
382 120.0000 41.0000
383 120.0000 56.0000
384 120.0000 68.0000
385 120.0000 74.0000
386 120.0000 78.0000
387 120.0000 8.0000
388 120.0000 83.0000
389 120.0000 89.0000
390 120.0000 93.0000
391 123.0000 75.0000
392 124.0000 33.0000
393 124.0000 86.0000
394 124.0000 89.0000
395 124.0000 93.0000
396 125.0000 31.0000
397 125.0000 33.0000
398 125.0000 36.0000
399 125.0000 38.0000
400 125.0000 55.0000
401 125.0000 87.0000
402 125.0000 91.0000
403 126.0000 15.0000
404 126.0000 18.0000
405 126.0000 31.0000
406 126.0000 33.0000
407 126.0000 36.0000
408 126.0000 38.0000
409 126.0000 40.0000
410 126.0000 55.0000
411 126.0000 95.0000
412 127.0000 5.0000
413 127.0000 65.0000
414 130.0000 32.0000
415 130.0000 37.0000
416 130.0000 39.0000
417 130.0000 41.0000
418 130.0000 56.0000
419 130.0000 68.0000
420 130.0000 74.0000
421 130.0000 78.0000
422 130.0000 8.0000
423 130.0000 83.0000
424 130.0000 88.0000
425 130.0000 92.0000
426 132.0000 11.0000
427 132.0000 13.0000
428 132.0000 28.0000
429 132.0000 44.0000
430 132.0000 58.0000
431 132.0000 59.0000
432 132.0000 62.0000
433 133.0000 51.0000
434 140.0000 101.0000
435 140.0000 11.0000
436 140.0000 14.0000
437 140.0000 16.0000
438 140.0000 19.0000
439 140.0000 21.0000
440 140.0000 23.0000
441 140.0000 24.0000
442 140.0000 25.0000
443 140.0000 28.0000
444 140.0000 29.0000
445 140.0000 43.0000
446 140.0000 44.0000
447 140.0000 47.0000
448 140.0000 49.0000
449 140.0000 52.0000
450 140.0000 53.0000
451 140.0000 57.0000
452 140.0000 58.0000
453 140.0000 61.0000
454 140.0000 62.0000
455 140.0000 63.0000
456 140.0000 68.0000
457 140.0000 70.0000
458 140.0000 85.0000
459 141.0000 55.0000
460 143.0000 33.0000
461 143.0000 36.0000
462 143.0000 40.0000
463 143.0000 48.0000
464 143.0000 75.0000
465 143.0000 77.0000
466 143.0000 8.0000
467 143.0000 80.0000
468 143.0000 82.0000
469 147.0000 46.0000
470 148.0000 46.0000
471 149.0000 10.0000
472 149.0000 23.0000
473 149.0000 31.0000
474 149.0000 34.0000
475 149.0000 46.0000
476 149.0000 76.0000
477 149.0000 79.0000
478 149.0000 91.0000
479 150.0000 5.0000
480 150.0000 72.0000
481 153.0000 15.0000
482 153.0000 21.0000
483 153.0000 75.0000
484 153.0000 77.0000
485 153.0000 8.0000
486 153.0000 80.0000
487 153.0000 82.0000
488 155.0000 11.0000
489 155.0000 17.0000
490 155.0000 23.0000
491 155.0000 28.0000
492 155.0000 29.0000
493 155.0000 43.0000
494 155.0000 44.0000
495 155.0000 52.0000
496 155.0000 58.0000
497 155.0000 61.0000
498 155.0000 68.0000
499 155.0000 70.0000
500 155.0000 85.0000
501 156.0000 101.0000
502 156.0000 18.0000
503 156.0000 24.0000
504 156.0000 56.0000
505 156.0000 62.0000
506 163.0000 101.0000
507 163.0000 103.0000
508 163.0000 11.0000
509 163.0000 14.0000
510 163.0000 16.0000
511 163.0000 19.0000
512 163.0000 21.0000
513 163.0000 23.0000
514 163.0000 24.0000
515 163.0000 25.0000
516 163.0000 28.0000
517 163.0000 31.0000
518 163.0000 33.0000
519 163.0000 36.0000
520 163.0000 38.0000
521 163.0000 40.0000
522 163.0000 41.0000
523 163.0000 42.0000
524 163.0000 48.0000
525 163.0000 50.0000
526 163.0000 51.0000
527 163.0000 54.0000
528 163.0000 55.0000
529 163.0000 59.0000
530 163.0000 60.0000
531 163.0000 63.0000
532 163.0000 64.0000
533 163.0000 65.0000
534 163.0000 70.0000
535 163.0000 72.0000
536 164.0000 57.0000
537 166.0000 45.0000
538 166.0000 7.0000
539 166.0000 76.0000
540 166.0000 80.0000
541 166.0000 85.0000
542 166.0000 91.0000
543 166.0000 95.0000
544 169.0000 77.0000
545 170.0000 88.0000
546 170.0000 91.0000
547 170.0000 95.0000
548 171.0000 89.0000
549 171.0000 93.0000
550 172.0000 10.0000
551 172.0000 23.0000
552 172.0000 27.0000
553 172.0000 40.0000
554 172.0000 44.0000
555 172.0000 5.0000
556 172.0000 74.0000
557 172.0000 97.0000
558 176.0000 15.0000
559 176.0000 21.0000
560 176.0000 32.0000
561 176.0000 38.0000
562 176.0000 45.0000
563 176.0000 80.0000
564 176.0000 85.0000
565 176.0000 90.0000
566 176.0000 94.0000
567 178.0000 11.0000
568 178.0000 17.0000
569 178.0000 23.0000
570 178.0000 28.0000
571 178.0000 34.0000
572 178.0000 40.0000
573 178.0000 48.0000
574 178.0000 51.0000
575 178.0000 54.0000
576 178.0000 60.0000
577 178.0000 63.0000
578 178.0000 70.0000
579 178.0000 72.0000
580 179.0000 18.0000
581 179.0000 24.0000
582 179.0000 35.0000
583 179.0000 41.0000
584 179.0000 58.0000
585 179.0000 64.0000
586 185.0000 0.0000
587 186.0000 0.0000
588 186.0000 101.0000
589 186.0000 103.0000
590 186.0000 22.0000
591 186.0000 28.0000
592 186.0000 29.0000
593 186.0000 32.0000
594 186.0000 34.0000
595 186.0000 45.0000
596 186.0000 46.0000
597 186.0000 48.0000
598 186.0000 51.0000
599 186.0000 6.0000
600 187.0000 0.0000
601 188.0000 0.0000
602 189.0000 33.0000
603 189.0000 37.0000
604 189.0000 40.0000
605 189.0000 42.0000
606 189.0000 49.0000
607 189.0000 55.0000
608 189.0000 58.0000
609 189.0000 62.0000
610 189.0000 66.0000
611 189.0000 70.0000
612 189.0000 76.0000
613 189.0000 80.0000
614 189.0000 85.0000
615 189.0000 91.0000
616 189.0000 95.0000
617 192.0000 77.0000
618 193.0000 31.0000
619 193.0000 88.0000
620 193.0000 91.0000
621 193.0000 95.0000
622 194.0000 31.0000
623 194.0000 48.0000
624 194.0000 89.0000
625 194.0000 93.0000
626 195.0000 12.0000
627 195.0000 31.0000
628 195.0000 36.0000
629 195.0000 39.0000
630 195.0000 48.0000
631 195.0000 53.0000
632 195.0000 56.0000
633 195.0000 97.0000
634 196.0000 63.0000
635 196.0000 67.0000
636 199.0000 37.0000
637 199.0000 40.0000
638 199.0000 42.0000
639 199.0000 49.0000
640 199.0000 66.0000
641 199.0000 70.0000
642 199.0000 76.0000
643 199.0000 80.0000
644 199.0000 85.0000
645 199.0000 90.0000
646 199.0000 94.0000
647 201.0000 28.0000
648 201.0000 46.0000
649 201.0000 51.0000
650 201.0000 6.0000
651 202.0000 22.0000
652 209.0000 0.0000
653 210.0000 0.0000
654 216.0000 0.0000
655 227.0000 15.0000
656 227.0000 29.0000
657 227.0000 43.0000
658 227.0000 45.0000
659 227.0000 52.0000
660 227.0000 57.0000
661 227.0000 71.0000
