# Node Coordinates (node_id x y)
0 6734.0000 1453.0000
1 2233.0000 10.0000
2 5530.0000 1424.0000
3 401.0000 841.0000
4 3082.0000 1644.0000
5 7608.0000 4458.0000
6 7573.0000 3716.0000
7 7265.0000 1268.0000
8 6898.0000 1885.0000
9 1112.0000 2049.0000
10 5468.0000 2606.0000
11 5989.0000 2873.0000
12 4706.0000 2674.0000
13 4612.0000 2035.0000
14 6347.0000 2683.0000
15 6107.0000 669.0000
16 7611.0000 5184.0000
17 7462.0000 3590.0000
18 7732.0000 4723.0000
19 5900.0000 3561.0000
20 4483.0000 3369.0000
21 6101.0000 1110.0000
22 5199.0000 2182.0000
23 1633.0000 2809.0000
24 4307.0000 2322.0000
25 675.0000 1006.0000
26 7555.0000 4819.0000
27 7541.0000 3981.0000
28 3177.0000 756.0000
29 7352.0000 4506.0000
30 7545.0000 2801.0000
31 3245.0000 3305.0000
32 6426.0000 3173.0000
33 4608.0000 1198.0000
34 23.0000 2216.0000
35 7248.0000 3779.0000
36 7762.0000 4595.0000
37 7392.0000 2244.0000
38 3484.0000 2829.0000
39 6271.0000 2135.0000
40 4985.0000 140.0000
41 1916.0000 1569.0000
42 7280.0000 4899.0000
43 7509.0000 3239.0000
44 10.0000 2676.0000
45 6807.0000 2993.0000
46 5185.0000 3258.0000
47 3023.0000 1942.0000
